138
0: 1 
1: 0 8 9 12 28 32 37 7 38 11 55 47 39 24 100 101 102 103 104 105 106 46 49 50 51 67 82 58 107 3 14 15 16 17 10 108 13 96 72 41 109 110 48 27 5 33 69 23 19 18 
2: 3 
3: 2 9 7 1 5 107 67 10 27 114 31 18 82 
4: 5 
5: 4 9 12 28 34 37 40 7 56 38 11 79 83 39 1 57 3 44 58 124 126 43 48 24 41 45 82 13 14 15 17 10 133 125 77 78 35 69 23 18 16 27 80 81 
6: 7 
7: 6 9 12 20 22 28 32 36 37 41 42 43 44 45 46 47 48 49 50 51 52 53 54 55 39 56 23 35 57 58 24 59 13 14 15 17 60 61 62 63 64 65 66 67 68 69 70 19 21 71 72 73 74 11 75 76 77 78 16 27 79 80 38 5 81 10 3 18 82 33 1 
8: 1 
9: 5 3 10 1 11 7 
10: 9 12 22 7 56 38 11 55 1 3 58 67 5 35 15 24 69 23 17 110 27 14 41 107 13 16 18 
11: 9 7 38 43 35 18 57 5 78 10 1 
12: 7 13 5 14 15 16 17 10 18 19 1 
13: 12 7 86 1 101 117 100 93 48 5 96 15 17 27 14 109 130 131 118 104 136 16 10 18 105 
14: 12 7 1 49 5 50 35 15 17 27 51 18 13 16 10 
15: 12 7 1 5 18 13 14 16 17 10 
16: 12 22 34 40 7 38 79 1 58 124 126 5 35 15 24 69 23 17 27 14 41 13 125 133 137 10 18 
17: 12 7 1 5 15 18 13 14 16 10 
18: 12 22 37 7 56 38 11 79 39 1 3 44 115 70 85 122 58 67 43 48 5 35 15 24 69 23 17 27 14 41 131 13 19 97 123 82 45 119 16 10 
19: 12 7 1 70 69 123 18 
20: 21 7 
21: 20 7 
22: 23 16 10 24 7 18 
23: 22 7 56 39 1 122 48 5 35 24 69 16 41 10 123 18 
24: 22 7 1 58 54 5 23 18 16 10 
25: 26 27 
26: 25 27 135 
27: 25 29 7 38 84 87 55 79 83 39 98 1 101 111 3 115 49 85 31 67 126 93 48 5 50 96 46 114 110 99 129 14 10 18 97 107 88 134 130 26 135 51 30 13 41 109 16 
28: 5 7 1 
29: 27 30 31 
30: 29 31 27 
31: 29 98 3 99 51 114 27 30 
32: 7 33 1 
33: 32 7 1 
34: 16 35 5 
35: 34 40 7 56 38 11 39 5 23 14 10 18 16 77 78 
36: 7 
37: 18 38 1 39 7 5 
38: 37 40 7 43 44 45 39 10 11 35 78 18 83 79 27 16 5 1 
39: 37 7 38 85 67 97 27 5 18 35 1 23 51 48 
40: 35 5 38 16 
41: 7 1 48 5 69 23 27 109 16 18 10 
42: 7 
43: 7 38 11 44 5 45 18 
44: 7 38 43 18 5 45 
45: 7 38 44 43 5 18 
46: 7 47 1 48 27 
47: 7 46 1 48 
48: 7 84 86 87 47 83 91 39 1 101 111 115 117 85 121 92 67 120 93 128 116 129 46 97 51 118 130 88 131 94 95 132 96 105 13 41 109 5 69 23 18 110 27 
49: 7 1 50 14 27 51 
50: 7 1 49 14 27 51 
51: 7 39 98 1 49 85 31 48 50 99 27 14 129 
52: 7 
53: 7 82 
54: 7 24 
55: 7 10 1 27 67 
56: 7 18 5 10 23 35 
57: 7 11 5 
58: 7 1 16 5 18 24 10 
59: 7 
60: 7 
61: 7 
62: 7 
63: 7 64 67 
64: 7 63 67 
65: 7 66 67 
66: 7 65 67 
67: 7 55 39 66 1 64 3 85 63 18 97 48 27 10 65 
68: 7 
69: 7 1 70 122 48 5 16 10 41 119 123 19 18 23 
70: 7 19 69 119 18 
71: 7 
72: 7 1 
73: 7 74 
74: 7 73 
75: 7 
76: 7 77 78 
77: 7 76 5 35 78 
78: 7 38 11 76 5 35 77 
79: 7 38 18 82 83 16 27 5 
80: 7 5 
81: 7 5 
82: 7 79 1 53 3 5 18 
83: 38 89 79 90 27 48 5 
84: 85 27 48 
85: 84 39 67 97 18 51 27 93 92 120 96 48 
86: 48 13 
87: 88 48 27 
88: 87 113 48 27 
89: 83 
90: 83 127 
91: 92 93 94 95 96 48 
92: 91 85 93 94 95 96 48 
93: 91 85 92 27 13 94 95 96 48 
94: 91 92 93 48 95 96 
95: 91 92 93 48 94 96 
96: 91 1 101 85 92 120 93 48 94 95 13 27 
97: 39 85 67 48 27 131 18 
98: 51 99 31 27 
99: 98 31 51 27 
100: 1 13 109 
101: 1 13 48 27 96 
102: 1 
103: 1 
104: 1 117 130 13 
105: 1 112 117 48 109 130 132 13 136 118 
106: 1 
107: 1 3 110 27 134 10 
108: 1 
109: 1 100 48 27 105 13 41 
110: 1 48 10 107 134 27 
111: 48 27 
112: 105 
113: 88 
114: 3 31 27 
115: 116 27 18 48 
116: 115 48 128 
117: 13 118 105 48 104 
118: 117 48 13 105 
119: 70 69 18 
120: 85 96 48 
121: 48 
122: 69 23 123 18 
123: 122 69 23 19 18 
124: 16 125 5 
125: 124 5 16 
126: 27 16 5 
127: 90 
128: 48 116 
129: 48 27 51 
130: 48 27 104 105 13 
131: 48 97 18 13 
132: 48 105 
133: 5 16 
134: 110 27 107 
135: 27 26 
136: 13 105 
137: 16 
