121 
0: 1 2 3 4 6 8 9 12 13 17 25 32 38 40 43 45 47 51 52 61 66 67 69 71 75 77 84 85 86 94 97 98 101 102 115 
1: 0 2 9 10 11 24 28 32 33 44 48 49 50 57 59 77 78 111 
2: 0 1 3 5 6 7 11 12 13 14 15 16 17 18 21 22 23 25 26 27 28 29 30 31 32 33 37 39 40 42 43 45 46 49 51 53 54 55 56 57 58 60 61 62 64 65 66 67 71 75 77 79 80 82 83 86 87 92 94 96 99 100 103 104 105 107 108 109 111 113 116 118 120 
3: 0 2 34 93 
4: 0 
5: 2 
6: 0 2 
7: 2 16 
8: 0 
9: 0 1 10 11 14 15 18 19 20 24 25 27 28 31 32 33 41 42 43 44 47 48 49 50 52 57 59 67 68 76 77 78 81 88 91 96 99 111 112 114 117 119 
10: 1 9 
11: 1 2 9 
12: 0 2 
13: 0 2 
14: 2 9 
15: 2 9 
16: 2 7 17 39 40 45 56 83 86 
17: 0 2 16 
18: 2 9 
19: 9 
20: 9 
21: 2 
22: 2 
23: 2 
24: 1 9 
25: 0 2 9 
26: 2 
27: 2 9 
28: 1 2 9 
29: 2 
30: 2 
31: 2 9 
32: 0 1 2 9 
33: 1 2 9 
34: 3 35 36 61 63 70 89 
35: 34 
36: 34 
37: 2 
38: 0 85 
39: 2 16 
40: 0 2 16 
41: 9 
42: 2 9 
43: 0 2 9 
44: 1 9 
45: 0 2 16 
46: 2 
47: 0 9 
48: 1 9 
49: 1 2 9 
50: 1 9 
51: 0 2 
52: 0 9 
53: 2 
54: 2 
55: 2 
56: 2 16 
57: 1 2 9 
58: 2 
59: 1 9 
60: 2 
61: 0 2 34 
62: 2 
63: 34 74 
64: 2 95 
65: 2 
66: 0 2 
67: 0 2 9 
68: 9 
69: 0 
70: 34 72 93 
71: 0 2 
72: 70 73 106 
73: 72 
74: 63 
75: 0 2 
76: 9 
77: 0 1 2 9 
78: 1 9 
79: 2 
80: 2 
81: 9 
82: 2 
83: 2 16 
84: 0 
85: 0 38 98 101 
86: 0 2 16 
87: 2 
88: 9 
89: 34 90 
90: 89 
91: 9 
92: 2 
93: 3 70 
94: 0 2 
95: 64 
96: 2 9 
97: 0 
98: 0 85 
99: 2 9 
100: 2 
101: 0 85 
102: 0 
103: 2 
104: 2 
105: 2 
106: 72 110 
107: 2 
108: 2 
109: 2 
110: 106 
111: 1 2 9 
112: 9 
113: 2 
114: 9 
115: 0 
116: 2 
117: 9 
118: 2 
119: 9 
120: 2 
