453
0: 1 2 3 4 5 6 7 
1: 0 8 9 20 61 80 83 86 89 92 95 93 100 106 117 122 125 126 113 130 133 136 140 143 147 162 22 178 181 182 148 168 149 144 198 97 124 203 204 210 209 211 212 115 62 184 236 243 244 250 251 199 264 63 268 271 223 118 119 173 283 174 265 267 175 280 294 298 306 299 252 16 189 17 21 309 64 101 24 26 307 370 310 107 120 121 48 380 49 295 300 312 384 293 266 387 388 389 345 167 219 69 390 391 66 2 186 290 220 392 362 291 159 393 30 221 394 4 5 6 7 67 206 12 395 13 347 396 397 398 399 400 401 402 319 403 141 269 228 207 208 404 405 406 246 358 82 132 85 138 135 88 407 408 348 273 129 102 51 52 349 409 320 410 411 382 321 150 412 413 414 365 322 415 326 327 378 416 334 287 335 417 418 419 195 420 421 383 145 422 170 423 70 187 424 71 425 366 58 59 53 54 231 91 371 128 426 19 10 233 427 428 240 180 339 235 429 350 375 36 116 353 343 369 234 351 430 241 431 242 151 146 301 55 432 56 270 
2: 0 62 1 66 313 159 4 5 6 7 10 
3: 0 4 5 6 7 303 
4: 0 15 11 80 83 86 89 92 95 96 90 122 125 94 130 133 136 127 140 178 179 38 123 214 218 62 39 199 81 84 131 87 137 134 23 185 223 118 215 64 101 24 1 293 387 277 66 2 186 220 362 3 5 67 395 13 347 230 246 407 348 129 439 35 425 366 231 142 10 233 180 361 139 369 234 
5: 0 15 11 80 83 86 89 92 95 96 90 122 125 94 130 133 136 127 140 178 179 38 123 214 218 62 39 199 81 84 131 87 137 134 23 185 223 118 215 64 101 24 1 293 387 277 66 2 186 220 362 3 4 67 395 13 347 230 246 407 348 129 439 35 425 366 231 142 10 233 180 361 139 369 234 
6: 0 89 92 112 90 94 113 38 203 204 210 209 211 212 62 247 251 185 276 174 265 267 304 306 299 305 284 64 307 183 308 248 376 379 377 381 295 1 293 277 66 313 2 220 3 7 67 206 246 407 348 35 231 10 253 369 234 197 55 
7: 0 89 92 112 90 94 113 38 203 204 210 209 211 212 62 247 251 185 276 174 265 267 304 306 299 305 284 64 307 183 308 248 376 379 377 381 295 1 293 277 66 313 2 220 3 6 67 206 246 407 348 35 231 10 253 369 234 197 55 
8: 9 1 10 
9: 8 11 1 12 13 10 
10: 8 9 15 50 57 68 103 164 165 166 171 172 181 182 168 193 236 243 244 250 23 262 276 173 281 174 282 294 284 252 16 189 17 64 155 101 24 48 300 312 1 293 167 277 346 69 66 313 2 186 291 159 30 221 4 5 6 7 67 32 176 141 263 228 208 405 406 348 102 51 52 349 320 382 321 274 194 195 420 421 192 34 177 336 337 70 71 425 58 59 53 54 105 110 233 339 235 429 139 36 116 37 369 111 292 196 197 55 56 
11: 9 15 38 39 16 17 4 5 12 13 
12: 9 11 16 17 372 1 440 13 317 32 60 441 334 423 442 443 427 240 36 353 242 
13: 9 14 15 11 372 1 4 5 12 395 18 32 442 443 36 
14: 15 16 17 18 13 19 
15: 14 11 22 23 24 25 26 27 28 29 30 31 4 5 18 13 32 33 34 35 10 36 37 
16: 14 11 68 103 112 104 152 153 164 165 166 171 172 38 168 237 23 262 276 173 174 294 284 189 17 309 245 64 155 101 25 26 310 183 27 311 48 295 300 312 1 167 69 66 313 186 220 67 314 315 316 12 317 32 176 318 319 246 52 239 320 321 322 323 324 325 326 327 328 329 330 331 332 286 333 334 287 335 195 192 177 336 337 70 187 71 105 110 19 338 10 233 339 235 139 340 341 116 342 343 253 292 196 56 
17: 14 11 68 103 112 104 152 153 164 165 166 171 172 38 168 188 236 237 23 262 276 173 281 174 282 280 294 284 16 189 309 245 64 155 101 25 26 310 183 27 120 311 48 295 300 312 1 344 345 167 346 69 66 313 186 220 291 67 314 315 316 12 317 32 347 176 318 319 208 246 348 102 52 239 320 321 322 323 324 325 326 327 328 329 330 331 332 286 333 334 287 335 195 191 192 177 336 337 70 187 71 105 110 19 10 233 180 249 339 235 350 139 340 341 36 116 342 343 253 351 292 196 56 
18: 14 15 13 
19: 14 16 17 310 1 371 
20: 21 1 
21: 20 1 
22: 15 162 64 1 30 31 
23: 15 38 16 17 4 5 34 10 37 
24: 15 215 252 26 28 29 1 4 5 10 235 
25: 15 16 189 17 26 33 35 
26: 15 16 189 17 24 25 370 183 28 29 1 67 
27: 15 280 16 189 17 308 28 29 343 
28: 15 24 26 27 29 
29: 15 24 26 27 308 28 
30: 15 22 247 39 283 174 64 101 1 65 219 69 290 31 67 364 228 102 71 10 249 116 430 
31: 15 22 391 30 206 36 
32: 15 16 17 155 372 66 186 67 12 13 10 36 
33: 15 25 
34: 15 23 10 37 
35: 15 25 120 121 4 5 6 7 246 
36: 15 152 156 188 213 254 169 279 280 294 189 17 154 354 155 101 372 120 311 48 295 1 344 345 167 346 391 66 186 291 31 206 12 13 32 347 163 208 255 190 246 348 102 51 239 296 287 335 421 383 192 446 448 447 58 105 142 297 10 180 249 375 351 
37: 15 23 34 10 
38: 11 184 23 185 16 17 4 5 6 7 
39: 11 65 30 4 5 116 
40: 41 42 43 44 
41: 40 43 44 72 
42: 40 79 43 44 76 
43: 40 41 74 75 77 78 79 42 309 155 44 76 352 72 
44: 40 41 42 43 72 
45: 46 47 48 49 
46: 45 48 49 60 
47: 45 73 48 49 
48: 45 46 47 73 74 16 189 17 101 49 295 300 1 293 167 60 348 102 349 10 375 36 369 111 
49: 45 46 47 73 74 48 380 1 60 
50: 51 52 53 54 10 55 56 
51: 50 57 280 189 1 52 10 36 343 
52: 50 57 16 189 17 1 290 67 207 51 54 10 343 
53: 50 1 54 10 343 
54: 50 1 67 52 53 10 343 
55: 50 193 267 1 6 7 67 415 195 10 56 
56: 50 16 17 1 67 317 322 10 55 
57: 51 52 58 59 10 
58: 57 193 280 295 1 194 59 10 36 343 
59: 57 1 58 10 343 
60: 46 48 49 12 440 441 
61: 62 63 64 1 65 66 67 
62: 61 93 214 98 185 222 223 64 216 224 1 65 167 66 2 186 99 225 159 226 227 4 5 6 7 67 217 228 229 230 231 91 232 233 234 
63: 61 267 64 1 67 
64: 61 96 103 114 90 127 157 162 164 165 22 212 218 115 62 98 247 213 264 63 222 306 16 17 101 308 120 121 1 266 66 186 159 30 4 5 6 7 67 206 317 355 201 356 357 229 230 358 320 321 337 275 231 105 359 91 232 297 10 249 360 361 139 116 
65: 61 62 39 66 99 30 227 71 366 359 91 116 
66: 61 68 93 171 172 168 62 98 185 222 223 173 174 280 294 298 284 16 189 17 64 155 224 295 300 1 65 345 167 69 391 313 2 186 99 392 225 159 226 227 4 5 6 7 67 32 347 436 228 230 296 321 274 383 192 177 91 437 10 233 36 116 234 292 
67: 61 115 62 264 63 283 174 16 189 17 64 155 26 370 295 1 293 266 345 167 219 69 390 66 186 438 220 30 221 4 5 6 7 32 436 285 408 348 52 296 321 274 322 415 327 287 417 418 419 195 288 170 54 437 10 116 430 431 55 56 270 
68: 16 17 69 66 70 71 10 
69: 68 115 16 17 1 219 66 30 67 364 348 10 116 430 431 
70: 68 106 16 17 107 1 384 71 10 428 
71: 68 283 174 294 16 17 1 384 435 65 30 221 394 206 176 407 422 70 366 10 116 
72: 41 43 44 
73: 47 74 48 49 
74: 73 75 48 49 43 76 
75: 74 77 43 76 
76: 74 75 77 78 79 42 43 
77: 75 78 43 76 
78: 77 79 43 76 
79: 78 42 43 76 
80: 81 1 4 5 82 
81: 80 101 4 5 102 256 
82: 80 120 121 1 258 
83: 84 1 4 5 85 
84: 83 101 4 5 102 257 
85: 83 120 121 1 259 
86: 87 1 4 5 88 
87: 86 101 4 5 259 102 
88: 86 120 121 1 256 
89: 90 1 4 5 6 7 91 
90: 89 64 4 5 6 7 116 
91: 89 100 198 62 64 101 1 65 66 227 357 102 232 116 
92: 93 94 1 4 5 6 7 
93: 92 62 1 66 99 
94: 92 114 4 5 6 7 
95: 96 97 1 4 5 
96: 95 98 64 4 5 
97: 95 100 1 
98: 96 218 62 64 66 225 
99: 93 62 65 66 359 116 
100: 97 101 1 102 91 
101: 100 125 126 113 127 198 123 200 247 81 84 131 87 137 134 16 189 17 64 48 300 1 362 30 4 5 363 364 201 356 357 229 259 348 129 102 257 365 258 202 336 337 366 367 91 261 260 256 10 233 180 249 139 36 368 369 111 
102: 100 113 198 123 81 84 131 87 137 134 189 17 101 48 300 1 362 30 364 356 259 348 129 257 365 258 202 366 91 261 260 256 10 233 139 36 
103: 104 16 17 64 105 10 
104: 103 112 16 17 
105: 103 16 17 64 446 447 449 450 10 36 
106: 107 1 70 108 
107: 106 1 373 374 70 116 
108: 106 451 
109: 110 111 
110: 109 16 17 320 10 139 
111: 109 101 48 300 229 202 10 369 
112: 104 113 16 17 6 7 
113: 112 101 1 6 7 129 102 
114: 94 115 64 116 
115: 114 64 1 219 69 220 221 67 116 
116: 114 90 115 39 254 16 17 64 107 224 1 434 65 69 390 66 186 99 30 227 67 356 296 320 274 373 374 71 366 359 91 232 10 233 235 430 431 
117: 118 119 120 121 1 
118: 117 223 1 4 5 
119: 117 120 121 1 
120: 117 200 124 119 17 64 248 121 311 1 259 246 358 82 132 85 138 135 88 257 258 170 337 35 367 261 128 260 256 249 36 368 369 
121: 117 200 124 119 64 248 120 1 259 246 358 82 132 85 138 135 88 257 258 170 337 35 367 261 128 260 256 249 368 369 
122: 123 124 1 4 5 
123: 122 101 4 5 102 139 
124: 122 200 120 121 1 
125: 126 127 101 1 4 5 
126: 125 101 1 128 
127: 125 64 101 4 5 139 
128: 126 120 121 1 367 
129: 113 101 1 387 4 5 102 
130: 131 1 4 5 132 
131: 130 101 4 5 102 258 
132: 130 120 121 1 261 
133: 134 1 4 5 135 
134: 133 101 4 5 102 261 
135: 133 120 121 1 260 
136: 137 1 4 5 138 
137: 136 101 4 5 102 260 
138: 136 120 121 1 249 
139: 127 123 16 17 64 101 4 5 102 320 110 10 
140: 1 4 5 141 142 
141: 140 1 167 321 10 
142: 140 280 4 5 297 36 
143: 144 1 145 146 
144: 143 1 145 
145: 143 144 1 146 
146: 143 1 145 
147: 148 149 1 150 151 
148: 147 149 1 150 151 
149: 147 148 1 150 187 
150: 147 148 149 1 187 151 
151: 147 148 1 150 
152: 153 16 17 154 155 36 
153: 152 16 17 
154: 152 156 243 245 155 246 36 
155: 152 156 16 17 309 154 354 66 186 67 32 246 43 352 10 36 
156: 154 155 36 
157: 158 64 159 160 161 
158: 157 278 160 161 
159: 157 62 64 1 389 346 66 2 321 10 432 
160: 157 158 278 161 
161: 157 158 278 160 
162: 22 64 1 163 
163: 162 280 296 36 
164: 165 166 16 17 64 167 10 
165: 164 168 16 17 64 10 
166: 164 169 16 17 167 170 10 
167: 164 166 62 276 16 189 17 48 300 1 293 344 345 346 66 186 67 141 349 321 170 10 233 36 
168: 165 173 16 17 1 66 186 10 
169: 166 171 174 279 175 280 170 36 
170: 166 271 169 189 120 121 1 389 344 167 362 67 273 349 369 
171: 172 169 173 174 175 16 17 66 176 10 
172: 171 16 17 66 177 10 
173: 171 168 174 16 17 1 66 186 176 10 
174: 171 169 173 283 175 289 284 16 17 1 66 290 291 30 6 7 67 176 285 288 71 10 292 
175: 171 169 174 1 293 
176: 171 173 174 294 16 17 71 10 
177: 172 16 17 66 10 
178: 179 1 4 5 180 
179: 178 4 5 
180: 178 189 17 101 1 4 5 249 36 
181: 182 183 1 10 
182: 181 1 10 
183: 181 16 189 17 26 307 310 6 7 338 
184: 38 1 235 
185: 38 62 66 4 5 6 7 228 
186: 168 62 173 280 294 16 189 17 64 155 295 1 345 167 66 4 5 67 32 347 296 321 274 10 36 116 
187: 149 16 17 1 246 150 424 
188: 189 17 190 191 192 36 
189: 188 236 281 282 280 16 17 101 25 26 183 27 48 295 300 1 293 344 345 167 346 66 186 67 347 348 102 51 52 349 191 170 338 10 180 249 350 36 
190: 188 192 36 
191: 188 189 17 420 445 
192: 188 284 16 17 66 190 10 36 
193: 194 195 58 10 196 197 55 
194: 193 58 10 
195: 193 16 17 1 67 287 418 10 55 
196: 193 16 17 315 286 10 197 
197: 193 265 6 7 10 196 
198: 199 101 1 102 91 
199: 198 218 1 4 5 
200: 124 101 120 121 201 202 
201: 200 64 101 202 359 232 
202: 200 101 201 356 357 229 102 367 111 
203: 204 205 1 6 7 206 207 208 
204: 203 209 1 6 7 206 207 208 
205: 203 207 208 
206: 203 204 210 209 211 212 272 64 312 1 384 391 31 394 6 7 385 230 409 422 71 425 366 275 426 433 341 36 
207: 203 204 210 209 211 205 1 290 208 52 
208: 203 204 210 209 211 17 205 1 291 207 10 36 
209: 204 211 1 6 7 206 207 208 
210: 211 212 1 6 7 206 207 208 
211: 210 209 1 6 7 206 207 208 
212: 210 213 64 1 6 7 206 
213: 212 254 64 255 36 
214: 62 215 216 4 5 217 
215: 214 24 4 5 
216: 214 62 217 
217: 214 62 216 
218: 98 199 64 4 5 
219: 115 1 69 290 30 67 
220: 115 16 17 1 277 4 5 6 7 67 339 
221: 115 1 67 407 71 10 339 
222: 62 64 66 234 
223: 62 118 224 1 66 4 5 
224: 62 223 66 366 116 
225: 62 98 66 
226: 62 66 230 
227: 62 65 66 91 116 
228: 62 185 1 66 30 10 
229: 62 64 101 202 232 111 
230: 62 64 66 226 4 5 206 275 361 
231: 62 64 1 4 5 6 7 404 366 369 
232: 62 64 201 356 357 229 359 91 116 
233: 62 16 17 101 1 167 66 362 4 5 102 320 365 10 116 
234: 62 222 1 66 4 5 6 7 369 
235: 184 262 252 16 17 24 1 263 10 116 
236: 189 17 1 10 
237: 16 17 238 239 240 241 242 
238: 237 240 241 242 
239: 237 16 17 36 351 
240: 237 309 1 12 238 326 334 353 430 241 242 
241: 237 1 238 240 430 242 
242: 237 1 12 238 334 240 430 241 
243: 244 154 245 1 246 10 
244: 243 1 10 
245: 243 16 17 309 154 246 322 
246: 243 16 17 154 354 245 155 120 121 1 4 5 6 7 411 187 35 424 36 
247: 64 101 248 30 6 7 249 
248: 247 120 121 6 7 368 
249: 247 189 17 64 101 120 121 30 363 138 180 36 368 
250: 251 252 1 10 
251: 250 1 6 7 253 
252: 250 24 1 10 235 
253: 251 262 16 17 6 7 
254: 213 255 274 36 116 
255: 213 254 36 
256: 81 101 120 121 88 102 
257: 84 101 120 121 358 102 
258: 131 101 120 121 82 102 
259: 87 101 120 121 85 102 
260: 137 101 120 121 135 102 
261: 134 101 120 121 132 102 
262: 16 17 263 10 235 253 
263: 262 274 10 235 
264: 265 64 1 266 67 
265: 264 1 6 7 197 
266: 264 64 1 67 
267: 63 1 6 7 55 
268: 1 269 270 
269: 268 1 
270: 268 1 438 67 
271: 272 1 273 170 
272: 271 206 275 
273: 271 1 170 
274: 254 66 186 67 263 296 10 361 116 
275: 272 64 206 230 
276: 16 17 167 277 6 7 10 
277: 276 220 4 5 6 7 10 
278: 158 160 161 
279: 169 280 36 
280: 169 279 294 189 17 27 295 1 66 186 163 51 296 58 142 297 36 
281: 282 189 17 10 
282: 281 189 17 10 
283: 174 284 1 30 67 285 286 287 288 71 
284: 283 174 16 17 66 6 7 286 287 192 10 
285: 283 174 67 288 
286: 283 284 16 17 332 287 196 
287: 283 284 16 17 1 67 327 286 334 335 195 36 
288: 283 174 67 285 
289: 174 290 291 
290: 174 289 1 219 291 30 207 52 
291: 174 289 17 1 290 208 10 36 
292: 174 16 17 66 10 
293: 175 189 48 295 300 1 167 4 5 6 7 67 347 349 10 
294: 280 16 17 1 66 186 176 71 10 36 
295: 280 16 189 17 48 1 293 66 186 6 7 67 347 382 58 36 
296: 280 66 186 67 163 274 36 116 
297: 280 64 317 142 36 
298: 299 300 1 66 301 
299: 298 304 1 6 7 301 
300: 298 16 189 17 101 48 1 293 167 66 348 102 349 382 383 10 369 111 
301: 298 299 1 
302: 303 
303: 302 3 
304: 299 305 6 7 
305: 304 6 7 
306: 64 307 308 1 6 7 
307: 306 183 1 6 7 
308: 306 64 27 29 6 7 
309: 16 17 245 155 1 326 43 352 240 353 
310: 16 17 183 1 371 19 
311: 16 17 120 36 342 
312: 16 17 1 384 206 385 320 10 386 
313: 16 17 66 2 6 7 10 
314: 16 17 315 316 
315: 16 17 314 196 
316: 16 17 314 
317: 16 17 64 12 440 441 352 297 56 
318: 16 17 319 
319: 16 17 370 1 318 348 
320: 16 17 64 312 1 110 10 233 139 116 
321: 16 17 64 1 167 346 66 186 159 67 141 10 
322: 16 17 245 1 67 56 
323: 16 17 324 325 
324: 16 17 323 
325: 16 17 323 
326: 16 17 309 1 327 328 240 353 
327: 16 17 1 67 326 287 
328: 16 17 326 
329: 16 17 330 331 
330: 16 17 329 
331: 16 17 329 
332: 16 17 286 333 
333: 16 17 332 
334: 16 17 1 12 287 335 423 427 240 353 242 
335: 16 17 1 334 287 36 
336: 16 17 101 337 10 
337: 16 17 64 101 120 121 358 336 10 
338: 16 189 183 
339: 16 17 1 220 221 10 
340: 16 17 341 
341: 16 17 384 206 433 340 
342: 16 17 311 
343: 16 17 27 1 51 52 58 59 53 54 
344: 189 17 389 167 346 170 36 
345: 189 17 1 167 66 186 67 36 
346: 189 17 344 167 159 321 10 36 
347: 189 17 295 1 293 66 186 4 5 396 410 36 
348: 189 17 101 370 48 300 1 69 4 5 6 7 67 319 364 407 408 102 10 36 430 
349: 189 48 300 1 293 167 170 10 
350: 189 17 1 
351: 17 1 239 413 414 36 
352: 309 155 440 317 441 43 
353: 309 1 12 326 334 240 
354: 155 246 36 
355: 64 360 
356: 64 101 102 202 232 116 
357: 64 101 202 367 91 232 
358: 64 120 121 1 387 257 337 
359: 64 65 99 201 232 116 
360: 64 355 
361: 64 4 5 230 274 
362: 101 1 4 5 102 170 366 233 
363: 101 249 368 
364: 101 69 30 348 102 430 
365: 101 1 404 102 233 
366: 101 224 1 384 65 362 4 5 206 102 71 425 231 116 369 
367: 101 120 121 357 202 128 
368: 101 248 120 121 363 249 
369: 101 120 121 48 300 1 4 5 6 7 170 366 231 10 234 111 
370: 26 1 67 319 348 
371: 310 1 19 
372: 12 13 32 36 
373: 107 434 374 116 
374: 107 434 373 116 
375: 48 1 36 
376: 377 6 7 378 
377: 376 6 7 
378: 376 1 416 
379: 380 381 6 7 
380: 379 49 1 
381: 379 6 7 
382: 295 300 1 10 
383: 300 1 66 421 36 
384: 312 1 394 206 385 422 70 71 425 366 428 433 341 
385: 312 384 206 
386: 312 
387: 1 4 5 358 129 
388: 1 393 403 
389: 1 344 159 170 432 
390: 1 67 116 431 
391: 1 66 392 31 206 36 
392: 1 391 66 
393: 1 388 403 
394: 1 384 206 422 71 
395: 1 4 5 444 13 
396: 1 347 410 
397: 1 400 401 
398: 1 399 401 
399: 1 398 401 
400: 1 397 401 
401: 1 397 398 399 400 
402: 1 412 413 
403: 1 388 393 
404: 1 365 231 
405: 1 406 10 
406: 1 405 10 
407: 1 435 221 4 5 6 7 348 439 71 
408: 1 67 348 
409: 1 206 426 
410: 1 347 396 
411: 1 246 424 
412: 1 402 413 
413: 1 402 412 414 351 
414: 1 413 351 
415: 1 67 55 
416: 1 378 
417: 1 67 419 
418: 1 67 195 
419: 1 67 417 
420: 1 421 191 445 10 
421: 1 420 383 10 36 
422: 1 384 394 206 71 
423: 1 12 334 427 
424: 1 246 411 187 
425: 1 384 4 5 206 366 10 429 
426: 1 206 409 
427: 1 12 334 423 
428: 1 384 70 
429: 1 425 10 
430: 1 69 30 67 364 348 240 116 241 431 242 
431: 1 69 390 67 116 430 
432: 1 389 159 
433: 384 206 341 
434: 373 374 116 
435: 407 71 
436: 66 67 437 
437: 66 67 436 
438: 67 270 
439: 4 5 407 
440: 12 317 60 441 352 
441: 12 440 317 60 352 
442: 12 13 443 
443: 12 13 452 442 
444: 395 
445: 420 191 
446: 447 105 36 
447: 446 105 36 
448: 36 
449: 105 450 
450: 449 105 
451: 108 
452: 443 
