2018
0: 1 
1: 0 873 259 614 
2: 3 
3: 2 4 9 296 580 581 582 583 584 585 586 587 588 589 590 591 592 593 594 595 
4: 3 
5: 6 
6: 5 406 1050 1051 1052 423 1053 1054 
7: 8 
8: 7 470 684 745 776 835 978 1440 1717 686 1183 1308 1185 
9: 3 
10: 11 
11: 10 
12: 
13: 14 15 
14: 13 491 63 19 617 1641 
15: 13 956 1810 
16: 17 
17: 16 
18: 19 20 21 22 
19: 18 29 488 235 14 565 236 1109 1188 1144 420 133 
20: 18 333 1297 651 782 1195 34 
21: 18 348 24 1394 
22: 18 1062 409 804 253 
23: 24 
24: 23 1528 1607 1608 21 964 
25: 26 
26: 25 367 1477 
27: 28 
28: 27 243 822 464 823 388 527 824 825 41 55 826 421 34 422 827 828 829 620 830 122 254 443 444 
29: 30 31 32 19 33 34 35 36 
30: 29 333 1084 1085 235 825 1086 1087 
31: 29 42 558 860 940 464 232 189 1085 1107 460 235 1051 1108 236 1109 1110 1111 134 1073 1112 238 1113 
32: 29 1194 764 1195 
33: 29 361 385 141 1658 1666 1712 1866 1641 
34: 29 42 263 284 327 103 436 479 500 28 849 863 878 923 936 464 983 437 994 1047 1062 131 599 1014 1370 338 127 845 650 39 460 235 525 603 1621 371 1645 1380 439 764 565 997 1659 119 729 1686 236 1684 1109 1754 741 1772 372 1144 846 959 1826 1838 1539 133 1110 1892 1111 1893 1611 245 1894 20 1895 1896 253 719 1077 1494 1897 1495 1073 1750 269 1886 
35: 29 156 131 997 236 55 133 1887 134 719 254 
36: 29 202 
37: 38 39 40 41 
38: 37 650 979 1200 
39: 37 994 1092 1300 1334 1482 235 764 133 34 804 1200 1493 1494 1495 1073 1394 1415 159 
40: 37 
41: 37 148 481 28 994 1403 273 782 133 1444 245 1221 1653 61 482 1398 1784 1527 
42: 43 31 34 44 
43: 42 935 
44: 42 310 1016 542 1092 338 764 1444 1200 1906 543 
45: 46 
46: 45 348 771 865 1515 
47: 48 
48: 47 351 
49: 50 51 52 53 
50: 49 54 272 885 
51: 49 54 265 
52: 49 252 1928 
53: 49 1053 
54: 50 51 55 
55: 54 333 386 28 377 388 1310 1449 1085 1533 1539 133 1110 1265 1182 35 1555 1398 
56: 57 
57: 56 399 276 1341 525 723 1822 
58: 59 60 61 
59: 58 
60: 58 1385 
61: 58 243 250 305 325 300 403 219 552 819 80 944 958 405 1028 1066 1114 121 1150 259 1196 1230 1256 1306 1167 407 1333 609 408 1364 1406 563 1426 1438 1454 1461 277 1504 1516 410 919 411 1573 414 273 1622 417 418 1606 1723 1052 1355 832 1778 41 1163 1850 281 1877 1177 1700 1116 422 1936 1939 425 1966 1967 482 1912 428 1968 499 431 830 122 433 1913 1969 1874 1970 
62: 63 64 
63: 62 692 693 694 695 696 697 527 698 699 235 700 701 702 14 703 704 705 706 707 708 709 710 711 712 474 713 714 715 
64: 62 
65: 66 
66: 65 79 317 449 775 838 906 789 954 415 306 1260 1261 1262 1263 1264 
67: 68 
68: 67 743 1034 
69: 70 71 
70: 69 
71: 69 165 925 
72: 73 
73: 72 1713 
74: 75 
75: 74 1292 
76: 
77: 78 79 80 81 82 83 84 85 86 87 88 89 90 91 92 93 94 95 96 97 98 99 100 101 
78: 77 87 
79: 77 66 
80: 77 179 244 505 506 124 889 890 891 892 893 894 895 896 191 897 898 508 61 899 900 97 901 99 192 902 903 238 904 905 
81: 77 445 124 1082 191 
82: 77 124 125 192 
83: 77 124 210 125 1267 
84: 77 124 125 
85: 77 525 210 125 192 880 
86: 77 124 
87: 77 78 124 125 191 192 880 
88: 77 124 210 125 
89: 77 192 
90: 77 98 
91: 77 
92: 77 124 259 1236 
93: 77 124 210 125 192 
94: 77 505 124 889 890 893 897 97 99 
95: 77 210 125 191 192 
96: 77 124 814 890 210 125 897 425 683 
97: 77 80 667 769 94 425 
98: 77 812 90 
99: 77 404 80 124 769 94 1990 
100: 77 105 244 812 124 125 1082 826 191 508 
101: 77 124 210 125 192 
102: 103 104 
103: 102 182 34 359 360 
104: 102 162 
105: 106 100 
106: 105 1365 
107: 108 
108: 107 
109: 110 
110: 109 871 
111: 
112: 113 
113: 112 270 840 149 1152 1153 1073 
114: 115 
115: 114 824 1572 448 
116: 117 
117: 116 1110 1393 
118: 119 
119: 118 229 328 1501 34 618 431 830 
120: 121 122 
121: 120 501 778 1141 1142 502 1143 236 1109 1144 133 61 122 
122: 120 244 501 644 778 28 967 1012 121 1303 1305 995 1141 824 502 1143 1651 1109 1144 133 245 1250 61 1253 254 1832 226 
123: 124 125 
124: 123 190 382 516 80 1010 81 1125 82 83 769 1129 84 1130 86 1131 87 88 1132 988 1133 1134 1135 680 92 93 1136 898 94 96 1137 1138 1139 1140 99 100 101 
125: 123 190 209 289 353 382 384 548 619 1010 1125 82 83 1367 84 85 1467 1496 1574 1585 1602 611 1126 1115 1654 87 88 988 1668 1669 1670 1671 1548 1133 1135 1672 93 1136 549 1673 95 96 1662 1138 712 713 1674 1663 100 101 
126: 127 128 
127: 126 1436 1437 34 964 128 
128: 126 127 964 
129: 130 131 132 133 134 135 136 
130: 129 482 
131: 129 368 34 35 634 1124 
132: 129 
133: 129 171 250 321 368 300 403 511 386 751 223 862 405 1097 121 388 1203 1239 406 328 240 1306 1167 488 527 563 1448 1461 1483 409 39 1504 410 919 411 413 414 273 415 1664 19 417 418 1606 1734 515 41 440 55 420 1827 1830 281 447 1641 1700 636 34 142 422 486 1872 249 402 424 723 425 35 1873 1519 1331 827 185 1362 427 1343 428 768 430 535 431 830 122 432 254 433 443 1874 1394 
134: 129 31 919 1739 1163 710 35 830 841 
135: 129 1592 
136: 129 
137: 138 
138: 137 807 
139: 140 141 142 
140: 139 553 554 555 
141: 139 727 33 
142: 139 244 1064 1276 1065 555 1724 133 1296 1311 
143: 144 145 
144: 143 
145: 143 
146: 147 
147: 146 841 
148: 149 150 41 
149: 148 113 1353 
150: 148 563 
151: 152 
152: 151 
153: 154 
154: 153 1237 
155: 156 157 
156: 155 197 198 35 
157: 155 847 886 887 888 594 
158: 159 
159: 158 39 1394 
160: 161 
161: 160 1327 964 614 1971 
162: 104 163 
163: 162 995 1295 1531 1532 1073 
164: 165 166 
165: 164 71 1656 
166: 164 
167: 168 
168: 167 285 
169: 170 
170: 169 172 1306 
171: 172 173 133 174 
172: 171 322 445 323 173 170 
173: 171 323 172 
174: 171 660 323 
175: 176 
176: 175 
177: 178 
178: 177 1272 
179: 80 
180: 
181: 182 183 184 185 
182: 181 103 1293 1614 184 
183: 181 
184: 181 182 
185: 181 523 940 1403 133 1942 
186: 187 
187: 186 355 
188: 189 
189: 188 403 550 31 1503 1110 423 
190: 124 125 191 192 
191: 190 352 665 80 81 769 1467 1561 87 1132 1805 1133 1825 95 1680 100 
192: 190 320 469 798 80 1010 1102 82 85 1500 1547 1131 1602 1126 87 988 89 1670 1671 1777 1135 93 1549 95 1138 2011 101 
193: 194 
194: 193 403 544 602 720 914 739 823 1016 1066 1288 1306 313 1436 1554 725 1557 924 1381 249 1905 1906 1907 1908 1909 614 1569 435 1910 
195: 196 
196: 195 1972 
197: 156 468 
198: 156 
199: 200 201 202 
200: 199 1360 
201: 199 1902 
202: 199 36 
203: 204 
204: 203 1421 
205: 206 207 
206: 205 
207: 205 573 
208: 
209: 210 125 
210: 209 382 548 1103 83 85 88 1135 93 549 95 96 1662 713 1663 101 905 
211: 212 
212: 211 1692 
213: 214 215 
214: 213 
215: 213 
216: 217 
217: 216 
218: 219 
219: 218 485 486 61 
220: 221 
221: 220 454 760 
222: 223 
223: 222 244 479 503 133 
224: 225 226 
225: 224 1851 
226: 224 1716 122 
227: 228 
228: 227 
229: 230 231 232 233 234 235 119 236 237 238 
230: 229 233 234 
231: 229 963 252 262 964 
232: 229 31 515 1235 
233: 229 230 
234: 229 230 
235: 229 264 63 30 31 39 19 34 431 444 
236: 229 644 31 121 1249 1479 1660 1689 19 340 34 1690 35 
237: 229 
238: 229 80 256 31 482 
239: 240 241 242 
240: 239 399 386 1295 133 402 
241: 239 295 1424 
242: 239 1501 
243: 244 28 245 61 
244: 243 250 329 368 403 404 223 80 405 406 407 408 409 410 411 412 413 414 273 415 416 417 418 419 420 421 281 142 422 423 424 425 426 427 428 429 430 431 122 432 433 100 
245: 243 305 325 1230 1364 1426 1573 273 417 418 1769 1778 41 1177 1700 34 425 1912 431 122 1913 
246: 247 248 249 
247: 246 
248: 246 1508 
249: 246 133 194 
250: 244 251 252 133 61 253 254 
251: 250 1034 1635 1636 
252: 250 231 969 1205 1379 348 771 273 779 52 865 1189 
253: 250 368 403 337 411 281 34 1780 22 428 431 
254: 250 280 325 403 28 405 406 407 408 411 1216 413 908 418 419 281 133 1641 458 422 424 425 35 719 1968 122 433 1970 
255: 256 257 
256: 255 257 306 979 238 
257: 255 256 1082 1735 
258: 259 
259: 258 365 391 468 615 641 648 673 790 822 940 944 1040 1106 773 1167 1168 1169 1170 1171 1172 1 977 1173 1174 1175 1176 340 1177 1178 92 1179 618 1180 1181 1182 888 1183 1184 61 719 1185 1186 462 
260: 261 262 
261: 260 1025 766 262 
262: 260 621 231 766 651 261 306 1206 1207 1270 
263: 34 
264: 265 235 266 267 268 269 
265: 264 51 
266: 264 
267: 264 1294 999 
268: 264 807 
269: 264 34 
270: 271 113 272 273 
271: 270 
272: 270 50 283 1369 
273: 270 244 1187 1310 252 41 1592 133 245 1265 1378 61 1593 482 462 1255 
274: 275 276 277 
275: 274 276 328 509 
276: 274 275 1070 1071 995 57 1072 1073 
277: 274 785 61 1072 
278: 279 
279: 278 
280: 281 254 
281: 280 244 782 133 61 253 474 254 
282: 283 
283: 282 272 1077 
284: 34 
285: 168 
286: 287 288 
287: 286 
288: 286 
289: 125 
290: 
291: 292 
292: 291 515 1383 
293: 294 295 
294: 293 761 762 763 764 765 
295: 293 654 241 422 
296: 3 297 
297: 296 545 547 1005 1209 338 1400 441 2001 
298: 299 300 301 302 303 304 
299: 298 
300: 298 133 61 
301: 298 443 
302: 298 663 
303: 298 
304: 298 1068 1083 1577 1250 1982 
305: 245 306 61 
306: 305 649 256 1091 66 1275 763 623 651 1684 1760 1342 1524 358 1183 262 1922 1923 
307: 308 309 
308: 307 
309: 307 
310: 311 44 
311: 310 
312: 313 
313: 312 691 194 
314: 
315: 316 
316: 315 1258 
317: 66 
318: 319 
319: 318 
320: 192 
321: 133 
322: 323 172 324 
323: 322 172 173 736 737 174 
324: 322 1470 
325: 326 245 61 254 
326: 325 1778 1700 443 
327: 328 34 
328: 327 275 1012 824 1277 119 1278 133 1279 1280 1281 1282 1283 1284 
329: 244 330 
330: 329 
331: 332 
332: 331 748 
333: 30 55 334 20 
334: 333 335 385 
335: 334 
336: 337 338 339 340 
337: 336 556 1238 362 358 253 
338: 336 876 1016 542 34 543 964 297 44 1386 
339: 336 
340: 336 734 1117 259 236 1741 1876 
341: 342 343 
342: 341 909 1391 1538 1542 1706 1926 
343: 341 541 795 
344: 345 346 
345: 344 1832 
346: 344 
347: 348 
348: 347 46 252 1429 1430 21 1431 748 
349: 350 
350: 349 441 448 1377 
351: 48 
352: 191 
353: 125 354 
354: 353 1751 
355: 187 356 
356: 355 
357: 358 
358: 357 337 651 306 
359: 103 1018 360 
360: 103 488 1629 421 359 
361: 362 33 
362: 361 471 337 1498 1786 972 
363: 364 
364: 363 604 
365: 259 
366: 367 
367: 366 26 
368: 244 369 131 370 371 372 133 373 374 253 
369: 368 
370: 368 673 1166 371 1380 440 887 1381 448 1382 475 
371: 368 370 34 
372: 368 34 
373: 368 
374: 368 
375: 376 377 
376: 375 
377: 375 868 55 
378: 379 
379: 378 870 
380: 381 
381: 380 1022 
382: 124 210 125 
383: 
384: 125 
385: 386 334 33 
386: 385 558 559 560 561 406 562 240 563 564 565 566 567 55 396 133 568 569 570 571 
387: 388 
388: 387 28 460 566 1188 55 133 1189 
389: 390 
390: 389 685 
391: 259 
392: 393 
393: 392 
394: 395 396 
395: 394 396 
396: 394 386 395 1177 1812 
397: 398 
398: 397 1484 1652 
399: 400 240 401 402 57 
400: 399 
401: 399 
402: 399 733 240 1840 133 1920 
403: 244 471 189 472 473 133 194 61 253 474 475 476 254 
404: 244 505 506 507 508 99 
405: 244 527 133 993 61 254 
406: 244 386 6 133 1265 1266 254 
407: 244 1328 424 1329 1330 61 1331 1332 254 
408: 244 61 254 
409: 244 133 22 
410: 244 1539 133 1265 61 1540 
411: 244 735 1543 133 618 1371 61 253 1555 254 
412: 244 
413: 244 1591 133 897 254 
414: 244 1461 133 61 
415: 244 66 133 568 
416: 244 812 1711 508 900 
417: 244 133 245 61 
418: 244 917 1719 133 245 61 254 
419: 244 254 
420: 244 997 19 133 
421: 244 644 668 28 1233 1697 719 360 1527 
422: 244 28 985 986 295 133 61 254 
423: 244 6 189 1728 768 
424: 244 493 407 1328 1171 133 1329 1331 1332 254 
425: 244 506 985 527 890 892 951 133 245 61 96 97 254 
426: 244 
427: 244 1820 1829 133 
428: 244 133 61 253 1266 
429: 244 1799 
430: 244 133 1677 
431: 244 574 967 460 235 119 656 133 245 1945 61 1383 253 719 
432: 244 133 
433: 244 133 1265 1964 61 1266 1897 254 1053 
434: 435 
435: 434 1320 1807 1867 194 1955 1682 
436: 437 438 439 440 34 441 442 443 444 
437: 436 994 995 996 997 998 34 999 934 
438: 436 
439: 436 1032 1302 1163 34 1446 442 1650 
440: 436 370 133 801 1396 1808 
441: 436 350 650 297 
442: 436 785 439 1899 1911 1446 1945 1650 
443: 436 301 784 28 1609 133 326 
444: 436 28 1228 235 
445: 172 81 
446: 447 448 
447: 446 1337 997 1338 133 1253 
448: 446 350 370 115 
449: 66 
450: 451 
451: 450 613 
452: 453 
453: 452 
454: 221 455 
455: 454 
456: 457 458 
457: 456 
458: 456 1165 1903 254 
459: 460 
460: 459 31 388 34 710 431 830 
461: 462 
462: 461 259 273 
463: 464 
464: 463 28 31 34 
465: 466 467 
466: 465 468 467 
467: 465 466 
468: 466 259 197 
469: 192 
470: 8 
471: 403 472 362 
472: 403 471 
473: 403 
474: 403 63 1381 281 476 
475: 403 370 
476: 403 474 
477: 478 
478: 477 844 
479: 223 480 34 
480: 479 
481: 41 482 
482: 481 130 965 994 1403 273 893 41 61 1980 719 1812 1495 1988 238 
483: 484 
484: 483 
485: 219 
486: 219 623 1497 1697 133 1918 
487: 488 
488: 487 1127 963 1128 19 133 1378 360 
489: 490 
490: 489 510 1000 1259 1804 1934 1396 614 
491: 492 493 14 494 495 496 
492: 491 
493: 491 628 527 926 927 928 424 
494: 491 1715 1564 
495: 491 
496: 491 
497: 498 499 
498: 497 1423 
499: 497 1511 1717 61 1512 2004 
500: 34 
501: 121 502 122 
502: 501 121 1141 122 
503: 223 
504: 
505: 404 80 94 
506: 404 80 769 425 
507: 404 634 
508: 404 596 80 667 769 1582 416 100 
509: 275 
510: 490 
511: 133 
512: 513 514 515 
513: 512 1185 1222 
514: 512 1518 1653 
515: 512 232 1375 292 133 
516: 124 
517: 518 
518: 517 530 621 606 622 623 624 625 626 627 
519: 520 
520: 519 
521: 522 
522: 521 1974 
523: 185 
524: 525 
525: 524 746 805 1090 1192 1271 1312 1420 85 1489 1594 1595 1596 1597 1598 34 934 57 712 1366 
526: 527 
527: 526 63 553 28 855 493 955 405 1060 986 1395 133 1396 425 1200 1397 1398 1399 1394 
528: 529 
529: 528 1251 1875 1937 
530: 518 
531: 532 
532: 531 
533: 534 535 
534: 533 1349 1350 
535: 533 133 
536: 537 
537: 536 
538: 539 540 
539: 538 
540: 538 
541: 542 543 343 
542: 541 338 44 
543: 541 1016 1194 338 685 44 
544: 194 
545: 546 297 
546: 545 1368 
547: 297 
548: 210 125 549 
549: 548 1010 210 125 
550: 189 551 
551: 550 818 
552: 61 
553: 140 527 
554: 140 
555: 140 1065 142 1703 
556: 337 557 
557: 556 
558: 386 31 
559: 386 679 680 681 682 683 
560: 386 
561: 386 
562: 386 
563: 386 150 133 1413 61 
564: 386 
565: 386 873 19 34 
566: 386 388 623 1110 1182 
567: 386 
568: 386 415 1763 
569: 386 
570: 386 785 
571: 386 
572: 573 
573: 572 944 207 
574: 431 
575: 576 
576: 575 1063 
577: 578 
578: 577 1953 1954 
579: 
580: 3 
581: 3 
582: 3 
583: 3 
584: 3 
585: 3 617 
586: 3 1676 
587: 3 
588: 3 
589: 3 
590: 3 
591: 3 
592: 3 
593: 3 
594: 3 157 
595: 3 1194 1761 
596: 597 508 
597: 596 
598: 599 600 601 
599: 598 601 34 
600: 598 614 
601: 598 599 885 
602: 603 194 
603: 602 1108 34 1611 979 
604: 364 
605: 606 
606: 605 518 
607: 608 609 610 611 612 613 614 
608: 607 
609: 607 1354 61 
610: 607 
611: 607 125 
612: 607 
613: 607 451 1692 
614: 607 965 600 1565 1 1878 194 1780 490 161 865 802 
615: 259 616 617 618 
616: 615 
617: 615 755 839 960 1074 1204 1348 1574 700 585 14 741 1743 1744 846 1745 1746 1279 1747 938 737 626 1748 1319 1749 1750 
618: 615 259 1170 411 1562 119 1188 
619: 125 620 
620: 619 28 2005 
621: 518 766 640 262 
622: 518 
623: 518 1045 566 1486 1342 486 306 953 
624: 518 
625: 518 
626: 518 617 
627: 518 
628: 493 
629: 630 
630: 629 764 
631: 632 
632: 631 850 
633: 634 
634: 633 131 1285 1465 1155 1626 1642 1696 856 507 1855 1882 2009 
635: 636 
636: 635 1012 1475 1675 1697 1723 1243 133 1885 979 1886 
637: 638 
638: 637 
639: 640 
640: 639 621 995 651 1143 1509 
641: 259 
642: 643 
643: 642 
644: 236 421 122 
645: 646 647 
646: 645 
647: 645 
648: 259 
649: 650 651 652 306 653 
650: 649 38 1491 1492 34 441 
651: 649 640 1524 358 306 20 262 
652: 649 
653: 649 1011 
654: 295 
655: 656 657 658 659 
656: 655 966 431 
657: 655 658 
658: 655 657 
659: 655 1868 1634 
660: 661 662 663 664 174 
661: 660 
662: 660 
663: 660 869 1098 302 1308 1309 
664: 660 
665: 191 
666: 667 
667: 666 787 812 508 97 
668: 421 
669: 670 671 672 
670: 669 1045 1522 
671: 669 740 
672: 669 1935 
673: 259 674 370 675 
674: 673 
675: 673 
676: 677 678 
677: 676 678 
678: 676 1205 1334 1683 1687 680 677 1136 1688 
679: 559 980 
680: 559 124 678 683 
681: 559 1474 
682: 559 1725 1110 1921 1947 
683: 559 1453 680 96 
684: 685 8 686 
685: 684 1402 390 543 830 
686: 684 1717 1752 8 1929 1183 1308 
687: 688 
688: 687 
689: 690 
690: 689 1201 1202 
691: 313 
692: 63 
693: 63 
694: 63 
695: 63 
696: 63 
697: 63 
698: 63 
699: 63 
700: 63 617 
701: 63 827 1415 
702: 63 
703: 63 
704: 63 
705: 63 1011 
706: 63 
707: 63 
708: 63 921 
709: 63 
710: 63 460 1893 134 802 
711: 63 
712: 63 1031 525 125 
713: 63 210 125 1991 
714: 63 1219 1394 
715: 63 
716: 717 
717: 716 
718: 719 
719: 718 259 773 421 34 1235 35 482 431 254 1394 
720: 194 
721: 722 723 
722: 721 1253 
723: 721 133 57 1253 
724: 725 726 
725: 724 1473 1108 194 
726: 724 1025 
727: 141 
728: 729 
729: 728 1095 34 
730: 731 732 
731: 730 912 
732: 730 
733: 402 
734: 340 
735: 411 
736: 323 
737: 323 617 
738: 739 
739: 738 931 194 
740: 741 742 671 
741: 740 770 1315 617 34 1235 964 
742: 740 
743: 68 744 
744: 743 1040 1070 1452 1623 1685 1708 1718 
745: 8 
746: 525 747 748 
747: 746 777 
748: 746 777 348 332 
749: 750 
750: 749 
751: 752 133 
752: 751 
753: 754 
754: 753 
755: 617 
756: 757 
757: 756 
758: 759 
759: 758 
760: 221 
761: 294 
762: 294 1362 
763: 294 306 
764: 294 958 32 771 845 39 34 1274 44 1151 630 
765: 294 1787 
766: 621 1205 261 1206 262 1207 
767: 768 
768: 767 1194 1728 1759 133 423 
769: 506 124 890 191 508 97 1366 99 905 
770: 771 741 
771: 770 764 46 252 1458 
772: 773 774 
773: 772 259 1155 1173 719 
774: 772 1803 
775: 66 
776: 8 
777: 747 748 
778: 121 779 780 122 
779: 778 860 995 1416 252 1253 
780: 778 
781: 782 783 
782: 781 1473 1342 41 281 20 1362 1588 
783: 781 916 1849 
784: 785 786 443 
785: 784 277 1405 442 1474 570 
786: 784 
787: 667 
788: 789 
789: 788 66 
790: 259 791 792 793 
791: 790 793 1054 
792: 790 793 
793: 790 995 791 1649 792 
794: 795 
795: 794 1057 1539 343 
796: 797 
797: 796 1432 1433 
798: 799 192 
799: 798 
800: 801 802 
801: 800 937 1121 440 1898 
802: 800 1813 710 614 2015 
803: 804 
804: 803 948 39 22 
805: 525 
806: 807 
807: 806 268 138 
808: 809 
809: 808 875 
810: 811 
811: 810 1251 1252 1253 
812: 667 813 814 416 815 98 816 100 817 
813: 812 876 1095 877 902 
814: 812 96 902 
815: 812 
816: 812 1533 
817: 812 980 
818: 551 
819: 61 
820: 821 
821: 820 
822: 28 259 932 933 934 
823: 28 1006 194 
824: 28 1040 328 1341 115 1381 1343 1541 1229 122 
825: 28 30 
826: 28 1325 1697 1837 100 
827: 28 848 701 998 133 1253 
828: 28 
829: 28 1167 979 1519 
830: 28 460 119 685 133 1265 134 61 1253 
831: 832 
832: 831 61 
833: 834 
834: 833 
835: 8 
836: 837 
837: 836 872 
838: 66 
839: 617 
840: 113 841 
841: 840 134 147 
842: 843 844 845 846 
843: 842 959 
844: 842 478 845 846 
845: 842 853 844 1048 764 846 34 1110 
846: 842 958 844 845 617 34 
847: 157 
848: 827 
849: 34 
850: 632 
851: 852 
852: 851 1307 
853: 854 845 
854: 853 1248 
855: 527 856 857 
856: 855 913 1304 1155 1792 1793 1794 1795 1796 1797 1308 634 
857: 855 1518 
858: 859 
859: 858 
860: 31 779 
861: 
862: 133 
863: 34 
864: 865 
865: 864 1346 1438 1469 1490 46 252 1727 1457 614 
866: 867 
867: 866 947 1250 
868: 377 
869: 663 
870: 379 
871: 110 
872: 837 1270 
873: 874 565 1 
874: 873 1551 1552 1182 
875: 809 
876: 338 877 813 
877: 876 1095 813 
878: 34 
879: 880 
880: 879 1010 85 87 2013 
881: 882 
882: 881 
883: 884 
884: 883 
885: 50 601 
886: 157 1301 
887: 157 1301 370 
888: 157 259 1748 
889: 80 94 
890: 80 769 1024 94 425 96 
891: 80 1525 
892: 80 425 
893: 80 94 482 
894: 80 
895: 80 
896: 80 
897: 80 413 94 96 
898: 80 124 1499 
899: 80 
900: 80 416 
901: 80 
902: 80 813 814 
903: 80 1698 
904: 80 
905: 80 1244 769 210 1082 1677 
906: 66 
907: 908 
908: 907 1094 1603 1019 254 1151 
909: 342 
910: 911 
911: 910 
912: 731 
913: 856 
914: 194 915 
915: 914 1764 1557 1948 1978 
916: 783 
917: 918 919 920 418 921 922 
918: 917 1034 
919: 917 133 134 61 
920: 917 
921: 917 1755 708 1756 1757 1758 
922: 917 
923: 924 34 
924: 923 1326 1518 194 
925: 71 1641 
926: 493 1396 
927: 493 928 
928: 493 927 
929: 930 
930: 929 
931: 739 1042 
932: 822 964 
933: 822 
934: 822 437 525 1751 1753 1904 1963 
935: 43 
936: 34 
937: 801 938 939 
938: 937 944 617 1690 1756 
939: 937 
940: 31 259 185 
941: 942 943 
942: 941 
943: 941 
944: 259 945 573 938 61 946 
945: 944 
946: 944 
947: 867 
948: 949 804 
949: 948 
950: 951 
951: 950 425 
952: 953 
953: 952 623 
954: 66 
955: 527 
956: 957 15 
957: 956 1194 1258 
958: 764 846 959 61 
959: 958 843 1773 34 
960: 617 
961: 962 
962: 961 
963: 231 1127 488 
964: 231 932 338 127 24 741 1770 1878 999 1940 161 1997 128 1998 
965: 482 614 
966: 656 
967: 968 431 122 
968: 967 
969: 252 970 971 972 
970: 969 
971: 969 
972: 969 362 
973: 974 975 
974: 973 
975: 973 
976: 977 
977: 976 259 1590 1740 
978: 8 
979: 256 1320 38 603 1867 636 1428 1958 829 
980: 679 817 
981: 982 
982: 981 1080 
983: 34 
984: 
985: 986 422 425 
986: 985 527 422 
987: 988 
988: 987 124 1547 1578 125 192 
989: 990 
990: 989 1502 
991: 992 
992: 991 
993: 405 
994: 437 39 1017 41 1018 34 1019 482 
995: 437 276 1341 640 163 1416 1417 779 1418 793 1419 122 
996: 437 
997: 437 420 447 34 1182 35 1519 
998: 437 827 1779 
999: 437 1007 1122 267 1447 964 1901 
1000: 1001 490 1002 
1001: 1000 
1002: 1000 1116 
1003: 1004 
1004: 1003 1601 
1005: 297 
1006: 823 1355 
1007: 999 
1008: 1009 
1009: 1008 
1010: 124 125 549 192 880 
1011: 705 653 
1012: 328 636 122 
1013: 1014 
1014: 1013 34 
1015: 
1016: 338 194 543 44 
1017: 994 1767 
1018: 994 1771 1785 1842 359 1871 
1019: 994 908 1826 1274 1151 1943 
1020: 1021 
1021: 1020 1580 
1022: 381 
1023: 1024 
1024: 1023 890 
1025: 1026 261 1027 726 
1026: 1025 
1027: 1025 
1028: 61 
1029: 
1030: 1031 
1031: 1030 712 
1032: 1033 439 
1033: 1032 
1034: 918 251 68 1035 1036 1037 1038 1039 
1035: 1034 
1036: 1034 1502 
1037: 1034 
1038: 1034 
1039: 1034 1807 
1040: 259 824 1041 744 
1041: 1040 
1042: 931 1438 1739 1265 1266 1053 
1043: 1044 
1044: 1043 
1045: 623 670 1046 
1046: 1045 
1047: 1048 34 1049 
1048: 1047 1199 845 
1049: 1047 1869 1989 1311 
1050: 6 
1051: 6 31 1185 
1052: 6 61 
1053: 6 1160 1707 1811 1042 53 1439 433 2012 
1054: 6 791 1841 
1055: 1056 
1056: 1055 
1057: 795 
1058: 1059 
1059: 1058 1257 1258 
1060: 527 1061 
1061: 1060 
1062: 34 22 
1063: 576 
1064: 1065 142 
1065: 1064 555 142 1296 
1066: 1067 194 61 
1067: 1066 1510 1394 
1068: 1069 304 
1069: 1068 
1070: 276 744 
1071: 276 1110 1371 1372 
1072: 276 277 
1073: 276 31 113 39 163 1416 34 
1074: 617 
1075: 1076 1077 
1076: 1075 1356 
1077: 1075 283 1615 1714 34 
1078: 1079 
1079: 1078 
1080: 982 
1081: 
1082: 81 1125 1159 1345 1646 257 1677 1678 1679 1680 100 905 
1083: 304 
1084: 30 
1085: 30 31 55 1517 
1086: 30 
1087: 30 
1088: 1089 
1089: 1088 1120 
1090: 525 
1091: 1092 306 
1092: 1091 39 44 
1093: 1094 
1094: 1093 908 1151 
1095: 877 813 729 1096 
1096: 1095 
1097: 133 
1098: 663 1099 1100 1101 
1099: 1098 1101 
1100: 1098 
1101: 1098 1099 
1102: 192 
1103: 210 
1104: 1105 
1105: 1104 
1106: 259 
1107: 31 
1108: 31 1376 603 725 
1109: 31 121 19 34 122 1113 
1110: 31 1071 1466 845 189 566 117 55 1444 34 682 1494 
1111: 31 34 
1112: 31 
1113: 31 1287 1109 1198 1149 1835 
1114: 1115 1116 61 
1115: 1114 125 
1116: 1114 61 1002 
1117: 340 
1118: 1119 
1119: 1118 
1120: 1089 
1121: 1122 1123 801 
1122: 1121 1460 999 1579 1394 
1123: 1121 
1124: 131 
1125: 124 1126 125 1082 
1126: 1125 125 192 
1127: 963 488 1128 
1128: 1127 488 
1129: 124 
1130: 124 1506 
1131: 124 192 
1132: 124 191 
1133: 124 125 191 
1134: 124 
1135: 124 210 125 192 
1136: 124 125 678 
1137: 124 
1138: 124 125 192 
1139: 124 
1140: 124 
1141: 121 1220 502 122 
1142: 121 
1143: 121 640 122 
1144: 121 1589 19 34 1495 122 
1145: 1146 1147 
1146: 1145 
1147: 1145 1992 
1148: 1149 
1149: 1148 1287 1113 
1150: 61 
1151: 1094 908 764 1714 1019 
1152: 113 
1153: 113 
1154: 1155 1156 1157 1158 
1155: 1154 773 1465 856 634 
1156: 1154 
1157: 1154 
1158: 1154 
1159: 1082 
1160: 1161 1053 
1161: 1160 
1162: 1163 
1163: 1162 439 1686 134 1787 61 1788 
1164: 1165 
1165: 1164 458 
1166: 370 
1167: 259 1321 133 1322 1323 61 829 
1168: 259 
1169: 259 1303 
1170: 259 1445 1413 1446 618 1447 
1171: 259 1523 424 
1172: 259 1619 1620 
1173: 259 773 
1174: 259 
1175: 259 1268 
1176: 259 
1177: 259 1454 396 1455 245 61 
1178: 259 
1179: 259 1245 
1180: 259 
1181: 259 1938 
1182: 259 874 997 566 55 
1183: 259 8 306 686 1960 
1184: 259 
1185: 259 513 1051 8 
1186: 259 
1187: 273 
1188: 388 19 618 
1189: 388 1478 252 
1190: 1191 
1191: 1190 1406 
1192: 525 
1193: 
1194: 32 1336 957 543 768 595 
1195: 32 20 
1196: 61 
1197: 1198 
1198: 1197 1497 1834 1835 1113 
1199: 1048 1200 
1200: 1199 527 38 39 1492 1274 1362 44 1415 
1201: 690 
1202: 690 
1203: 133 
1204: 617 
1205: 766 252 678 
1206: 766 262 
1207: 766 262 
1208: 
1209: 297 
1210: 
1211: 1212 
1212: 1211 
1213: 1214 
1214: 1213 
1215: 1216 
1216: 1215 1581 254 
1217: 1218 
1218: 1217 
1219: 714 
1220: 1141 1221 
1221: 1220 41 
1222: 513 
1223: 1224 1225 
1224: 1223 
1225: 1223 
1226: 1227 
1227: 1226 
1228: 1229 444 
1229: 1228 824 1395 1541 
1230: 245 61 
1231: 
1232: 
1233: 1234 421 
1234: 1233 
1235: 232 741 719 
1236: 92 
1237: 154 
1238: 337 
1239: 133 1240 
1240: 1239 
1241: 1242 1243 
1242: 1241 
1243: 1241 1599 636 1854 
1244: 905 
1245: 1179 
1246: 1247 
1247: 1246 1303 
1248: 854 
1249: 236 1250 
1250: 1249 122 867 304 
1251: 811 529 
1252: 811 1637 
1253: 811 722 1501 1637 779 447 723 827 1987 830 122 2010 
1254: 1255 
1255: 1254 273 1638 
1256: 61 
1257: 1059 
1258: 1059 316 1848 957 
1259: 490 
1260: 66 
1261: 66 
1262: 66 
1263: 66 
1264: 66 
1265: 406 410 273 55 1042 1439 830 433 
1266: 406 1042 428 1439 433 
1267: 83 1725 1889 
1268: 1269 1175 
1269: 1268 
1270: 872 1571 262 
1271: 525 
1272: 1273 178 1274 
1273: 1272 1553 
1274: 1272 764 1019 1200 
1275: 306 
1276: 142 
1277: 328 
1278: 328 
1279: 328 617 
1280: 328 
1281: 328 
1282: 328 
1283: 328 
1284: 328 
1285: 1286 634 
1286: 1285 1363 
1287: 1149 1113 
1288: 194 
1289: 1290 1291 
1290: 1289 1420 
1291: 1289 1420 1425 
1292: 75 
1293: 182 
1294: 267 
1295: 240 163 1416 1381 
1296: 1065 142 
1297: 20 
1298: 1299 
1299: 1298 
1300: 39 
1301: 886 887 
1302: 439 
1303: 1169 1247 122 
1304: 856 
1305: 122 
1306: 133 194 170 61 1307 
1307: 1306 852 
1308: 663 856 8 686 
1309: 663 
1310: 273 55 1311 
1311: 1310 142 1049 
1312: 525 
1313: 1314 
1314: 1313 
1315: 1316 741 1317 
1316: 1315 1652 
1317: 1315 
1318: 1319 
1319: 1318 617 
1320: 979 435 
1321: 1167 1359 
1322: 1167 1839 
1323: 1167 
1324: 1325 
1325: 1324 826 1459 
1326: 924 
1327: 161 
1328: 407 424 1329 1331 
1329: 407 1328 424 1330 1331 1332 
1330: 407 1329 1331 1949 1950 
1331: 407 1328 133 424 1329 1330 1332 
1332: 407 424 1329 1331 
1333: 61 
1334: 39 1335 678 
1335: 1334 
1336: 1194 
1337: 1338 447 
1338: 1337 447 
1339: 1340 
1340: 1339 
1341: 995 824 1342 57 1343 1344 
1342: 1341 623 782 306 
1343: 1341 824 133 
1344: 1341 
1345: 1082 
1346: 865 
1347: 
1348: 617 
1349: 534 
1350: 534 
1351: 1352 
1352: 1351 
1353: 149 1556 1557 1845 
1354: 609 
1355: 1006 61 
1356: 1357 1076 
1357: 1356 
1358: 
1359: 1321 
1360: 200 
1361: 1362 
1362: 1361 762 782 133 1200 
1363: 1286 
1364: 245 61 
1365: 106 
1366: 769 525 
1367: 125 
1368: 546 
1369: 272 
1370: 34 
1371: 1071 411 1862 
1372: 1071 
1373: 1374 
1374: 1373 1507 
1375: 515 
1376: 1108 
1377: 350 1406 
1378: 488 273 
1379: 252 
1380: 370 34 
1381: 370 824 1295 194 474 
1382: 370 
1383: 292 1539 1941 431 
1384: 1385 
1385: 1384 1657 60 
1386: 338 
1387: 1388 
1388: 1387 
1389: 1390 
1390: 1389 
1391: 342 
1392: 1393 1394 
1393: 1392 117 1900 
1394: 1392 527 39 1122 133 1067 21 719 714 2006 159 
1395: 527 1229 
1396: 527 926 440 490 
1397: 527 
1398: 527 1501 41 55 
1399: 527 1870 
1400: 1401 297 
1401: 1400 1449 1450 1451 
1402: 685 
1403: 41 482 185 
1404: 1405 
1405: 1404 785 
1406: 1407 1408 1409 1410 61 1191 1377 
1407: 1406 
1408: 1406 
1409: 1406 
1410: 1406 
1411: 1412 
1412: 1411 
1413: 563 1170 1729 
1414: 1415 
1415: 1414 39 1537 701 1200 
1416: 995 1295 779 1073 
1417: 995 
1418: 995 
1419: 995 1513 
1420: 525 1290 1291 
1421: 1422 204 
1422: 1421 
1423: 498 
1424: 241 
1425: 1291 
1426: 245 61 
1427: 1428 
1428: 1427 979 
1429: 348 
1430: 348 
1431: 348 
1432: 797 
1433: 797 
1434: 1435 
1435: 1434 
1436: 127 194 
1437: 127 
1438: 1042 61 865 1439 
1439: 1438 1739 1265 1266 1053 
1440: 8 
1441: 1442 
1442: 1441 1526 1819 
1443: 1444 
1444: 1443 41 1110 44 
1445: 1170 
1446: 1170 439 442 
1447: 1170 999 
1448: 133 
1449: 1401 55 
1450: 1401 
1451: 1401 1995 1996 
1452: 744 
1453: 683 
1454: 1177 1455 61 
1455: 1454 1558 1177 
1456: 1457 
1457: 1456 865 
1458: 771 
1459: 1325 1888 
1460: 1122 
1461: 414 1462 1463 133 61 1464 
1462: 1461 
1463: 1461 1783 
1464: 1461 
1465: 1155 634 
1466: 1110 
1467: 125 191 
1468: 
1469: 865 
1470: 324 
1471: 1472 
1472: 1471 
1473: 782 725 
1474: 785 681 
1475: 636 
1476: 1477 
1477: 1476 26 
1478: 1189 
1479: 236 
1480: 1481 
1481: 1480 1799 
1482: 39 
1483: 133 
1484: 398 
1485: 
1486: 623 1762 1768 
1487: 1488 
1488: 1487 
1489: 525 
1490: 865 
1491: 650 1684 
1492: 650 1200 1776 
1493: 39 
1494: 39 34 1110 
1495: 39 1589 1144 34 482 
1496: 125 
1497: 1198 486 
1498: 362 
1499: 898 
1500: 1501 192 
1501: 1500 119 242 1398 1253 1527 
1502: 990 1036 1722 
1503: 189 
1504: 1505 133 61 
1505: 1504 
1506: 1130 
1507: 1374 
1508: 248 
1509: 640 
1510: 1067 
1511: 499 1512 
1512: 1511 499 
1513: 1419 
1514: 1515 
1515: 1514 46 
1516: 61 
1517: 1085 
1518: 514 924 857 1519 
1519: 1518 997 133 829 
1520: 1521 
1521: 1520 
1522: 670 
1523: 1171 
1524: 651 306 1798 
1525: 891 
1526: 1442 
1527: 1501 41 1838 421 
1528: 24 
1529: 1530 
1530: 1529 
1531: 163 
1532: 163 
1533: 55 816 
1534: 1535 1536 
1535: 1534 
1536: 1534 1930 
1537: 1415 
1538: 342 
1539: 410 55 795 34 1383 
1540: 410 
1541: 824 1802 1924 1229 
1542: 342 
1543: 411 
1544: 1545 1546 
1545: 1544 
1546: 1544 
1547: 988 1548 1549 1550 192 
1548: 1547 125 1549 
1549: 1547 1548 192 
1550: 1547 
1551: 874 
1552: 874 1594 1884 
1553: 1273 
1554: 194 
1555: 411 55 
1556: 1557 1353 
1557: 1556 194 915 1791 1353 
1558: 1455 
1559: 1560 
1560: 1559 
1561: 191 
1562: 618 
1563: 1564 
1564: 1563 494 
1565: 614 
1566: 1567 
1567: 1566 1742 
1568: 1569 
1569: 1568 194 
1570: 1571 
1571: 1570 1615 1616 1270 
1572: 115 1736 1863 
1573: 245 61 
1574: 125 617 
1575: 1576 
1576: 1575 
1577: 304 
1578: 988 
1579: 1122 
1580: 1021 
1581: 1216 
1582: 508 
1583: 1584 
1584: 1583 1879 
1585: 125 
1586: 1587 1588 
1587: 1586 
1588: 1586 782 1959 
1589: 1144 1495 
1590: 977 
1591: 413 
1592: 273 135 
1593: 273 
1594: 525 1641 1655 1552 
1595: 525 
1596: 525 
1597: 525 
1598: 525 
1599: 1243 1600 
1600: 1599 
1601: 1004 
1602: 125 192 
1603: 908 
1604: 
1605: 1606 
1606: 1605 133 61 
1607: 24 
1608: 24 
1609: 1610 443 
1610: 1609 
1611: 603 34 
1612: 1613 
1613: 1612 1780 
1614: 182 
1615: 1571 1077 
1616: 1571 
1617: 1618 
1618: 1617 
1619: 1172 1844 
1620: 1172 
1621: 34 
1622: 61 
1623: 744 
1624: 1625 
1625: 1624 
1626: 634 
1627: 1628 
1628: 1627 
1629: 1630 1631 360 1632 
1630: 1629 
1631: 1629 
1632: 1629 
1633: 1634 
1634: 1633 659 
1635: 251 
1636: 251 
1637: 1252 1253 
1638: 1255 
1639: 1640 
1640: 1639 
1641: 14 1594 133 33 925 254 
1642: 634 
1643: 1644 
1644: 1643 
1645: 34 
1646: 1082 
1647: 1648 
1648: 1647 
1649: 793 
1650: 439 442 
1651: 122 
1652: 398 1316 
1653: 514 41 
1654: 125 
1655: 1594 
1656: 165 
1657: 1385 
1658: 33 
1659: 34 
1660: 236 
1661: 
1662: 210 125 
1663: 210 125 
1664: 133 
1665: 
1666: 1667 33 
1667: 1666 
1668: 125 
1669: 125 
1670: 125 192 
1671: 125 192 
1672: 125 
1673: 125 
1674: 125 
1675: 636 
1676: 586 
1677: 1082 1716 430 905 
1678: 1082 
1679: 1082 
1680: 1082 191 
1681: 1682 
1682: 1681 435 
1683: 678 
1684: 1491 34 306 
1685: 744 
1686: 1163 34 
1687: 1688 678 
1688: 1687 678 
1689: 236 
1690: 236 938 
1691: 1692 
1692: 1691 613 212 
1693: 
1694: 1695 
1695: 1694 
1696: 634 
1697: 826 421 636 486 
1698: 903 
1699: 1700 1701 
1700: 1699 133 326 245 61 
1701: 1699 
1702: 
1703: 555 
1704: 1705 
1705: 1704 
1706: 342 
1707: 1053 
1708: 744 
1709: 1710 
1710: 1709 
1711: 416 
1712: 33 
1713: 73 
1714: 1077 1151 
1715: 494 
1716: 1677 226 
1717: 8 686 499 
1718: 744 
1719: 418 
1720: 1721 
1721: 1720 
1722: 1502 1826 1986 
1723: 636 61 
1724: 142 
1725: 1267 682 
1726: 
1727: 865 
1728: 423 768 
1729: 1413 
1730: 1731 
1731: 1730 
1732: 1733 
1733: 1732 
1734: 133 
1735: 257 1979 
1736: 1737 1572 1738 
1737: 1736 
1738: 1736 
1739: 1042 134 1439 
1740: 977 
1741: 340 
1742: 1567 
1743: 617 
1744: 617 
1745: 617 
1746: 617 
1747: 617 
1748: 617 888 
1749: 617 
1750: 617 34 
1751: 934 354 
1752: 686 
1753: 934 
1754: 34 
1755: 921 1756 1757 
1756: 921 1773 1755 938 1757 1758 
1757: 921 1755 1756 
1758: 921 1756 
1759: 768 
1760: 306 
1761: 595 
1762: 1486 
1763: 568 
1764: 915 
1765: 1766 
1766: 1765 
1767: 1017 
1768: 1486 
1769: 245 
1770: 964 
1771: 1018 
1772: 34 
1773: 959 1756 
1774: 1775 
1775: 1774 
1776: 1492 
1777: 192 
1778: 326 245 61 
1779: 998 1981 
1780: 1613 1961 253 614 1962 
1781: 1782 
1782: 1781 
1783: 1463 
1784: 41 1956 
1785: 1018 
1786: 362 
1787: 1163 765 
1788: 1163 
1789: 1790 
1790: 1789 
1791: 1557 
1792: 856 
1793: 856 
1794: 856 
1795: 856 
1796: 856 
1797: 856 
1798: 1524 
1799: 1481 429 
1800: 1801 
1801: 1800 
1802: 1541 
1803: 774 
1804: 490 
1805: 191 
1806: 
1807: 1039 435 
1808: 440 
1809: 
1810: 15 
1811: 1053 
1812: 396 1916 482 
1813: 802 
1814: 1815 
1815: 1814 
1816: 1817 
1817: 1816 
1818: 
1819: 1442 
1820: 427 
1821: 1822 
1822: 1821 1833 57 
1823: 1824 
1824: 1823 
1825: 191 
1826: 34 1019 1722 
1827: 133 
1828: 
1829: 427 
1830: 133 
1831: 
1832: 345 122 
1833: 1822 
1834: 1198 
1835: 1198 1113 
1836: 
1837: 826 
1838: 34 1527 
1839: 1322 
1840: 402 
1841: 1054 
1842: 1018 1843 
1843: 1842 
1844: 1619 
1845: 1353 
1846: 1847 
1847: 1846 
1848: 1258 
1849: 783 
1850: 61 
1851: 225 
1852: 1853 
1853: 1852 
1854: 1243 
1855: 634 
1856: 1857 
1857: 1856 
1858: 1859 1860 
1859: 1858 
1860: 1858 
1861: 1862 
1862: 1861 1371 
1863: 1572 
1864: 1865 
1865: 1864 
1866: 33 
1867: 979 435 
1868: 659 
1869: 1049 
1870: 1399 
1871: 1018 
1872: 133 
1873: 133 
1874: 133 61 
1875: 529 
1876: 340 
1877: 61 
1878: 964 614 
1879: 1584 
1880: 1881 
1881: 1880 
1882: 634 
1883: 
1884: 1552 
1885: 636 
1886: 636 34 
1887: 35 
1888: 1459 
1889: 1267 
1890: 1891 
1891: 1890 
1892: 34 
1893: 34 710 
1894: 34 
1895: 34 
1896: 34 
1897: 34 433 
1898: 801 
1899: 442 
1900: 1393 
1901: 999 
1902: 201 
1903: 458 
1904: 934 
1905: 194 
1906: 194 44 
1907: 194 
1908: 194 
1909: 194 
1910: 194 
1911: 442 
1912: 245 61 
1913: 245 61 
1914: 1915 
1915: 1914 
1916: 1812 
1917: 
1918: 486 
1919: 
1920: 402 
1921: 682 
1922: 306 
1923: 306 
1924: 1925 1541 
1925: 1924 
1926: 342 
1927: 
1928: 52 
1929: 686 
1930: 1536 
1931: 1932 
1932: 1931 
1933: 
1934: 490 
1935: 672 
1936: 61 
1937: 529 
1938: 1181 
1939: 61 
1940: 964 
1941: 1383 
1942: 185 
1943: 1019 
1944: 
1945: 442 1946 431 
1946: 1945 
1947: 682 
1948: 915 
1949: 1330 
1950: 1330 
1951: 1952 
1952: 1951 
1953: 1954 1955 578 
1954: 1953 578 
1955: 1953 435 
1956: 1784 
1957: 
1958: 979 
1959: 1588 
1960: 1183 
1961: 1780 
1962: 1780 
1963: 934 
1964: 433 
1965: 
1966: 61 
1967: 61 
1968: 61 254 
1969: 61 
1970: 61 254 
1971: 161 
1972: 196 
1973: 
1974: 522 
1975: 1976 
1976: 1975 
1977: 
1978: 915 
1979: 1735 
1980: 482 
1981: 1779 
1982: 304 
1983: 1984 
1984: 1983 
1985: 
1986: 1722 
1987: 1253 
1988: 482 
1989: 1049 
1990: 99 
1991: 713 
1992: 1147 
1993: 1994 
1994: 1993 
1995: 1451 
1996: 1451 
1997: 964 
1998: 964 
1999: 2000 
2000: 1999 
2001: 297 
2002: 
2003: 
2004: 499 
2005: 620 
2006: 1394 
2007: 2008 
2008: 2007 
2009: 634 
2010: 1253 
2011: 192 
2012: 1053 
2013: 880 
2014: 
2015: 802 
2016: 
2017: 
